0 26 0 2.4 0 0 0
26 30 0 0.9 0.92087 0 0
30 40 0 0.9 0.941837 0 0
40 50 0 0.9 0.954039 0 0
50 60 0 0.9 0.958007 0 0
60 120 0 0.9 0.960218 0 0
120 200 0 0.9 0.957522 0 0
200 9999 0 0.9 0.957522 0 0
26 30 0.9 1.2 0.899926 0 0
30 40 0.9 1.2 0.939806 0 0
40 50 0.9 1.2 0.958317 0 0
50 60 0.9 1.2 0.965129 0 0
60 120 0.9 1.2 0.967834 0 0
120 200 0.9 1.2 0.96638 0 0
200 9999 0.9 1.2 0.96638 0 0
26 30 1.2 2.1 0.841412 0 0
30 40 1.2 2.1 0.87534 0 0
40 50 1.2 2.1 0.898271 0 0
50 60 1.2 2.1 0.906098 0 0
60 120 1.2 2.1 0.912715 0 0
120 200 1.2 2.1 0.911617 0 0
200 9999 1.2 2.1 0.911617 0 0
26 30 2.1 2.4 0.726389 0 0
30 40 2.1 2.4 0.781463 0 0
40 50 2.1 2.4 0.811305 0 0
50 60 2.1 2.4 0.820311 0 0
60 120 2.1 2.4 0.828607 0 0
120 200 2.1 2.4 0.827026 0 0
200 9999 2.1 2.4 0.827026 0 0
