0 26 0 2.4 0 0 0
26 30 0 0.9 0.934263 0 0
30 40 0 0.9 0.951472 0 0
40 50 0 0.9 0.960627 0 0
50 60 0 0.9 0.962871 0 0
60 120 0 0.9 0.963108 0 0
120 200 0 0.9 0.959515 0 0
200 9999 0 0.9 0.959515 0 0
26 30 0.9 1.2 0.927633 0 0
30 40 0.9 1.2 0.955719 0 0
40 50 0.9 1.2 0.969413 0 0
50 60 0.9 1.2 0.973391 0 0
60 120 0.9 1.2 0.974197 0 0
120 200 0.9 1.2 0.967872 0 0
200 9999 0.9 1.2 0.967872 0 0
26 30 1.2 2.1 0.833086 0 0
30 40 1.2 2.1 0.865946 0 0
40 50 1.2 2.1 0.884205 0 0
50 60 1.2 2.1 0.889785 0 0
60 120 1.2 2.1 0.894027 0 0
120 200 1.2 2.1 0.90031 0 0
200 9999 1.2 2.1 0.90031 0 0
26 30 2.1 2.4 0.781141 0 0
30 40 2.1 2.4 0.817078 0 0
40 50 2.1 2.4 0.838653 0 0
50 60 2.1 2.4 0.844628 0 0
60 120 2.1 2.4 0.848731 0 0
120 200 2.1 2.4 0.849471 0 0
200 9999 2.1 2.4 0.849471 0 0
