0 10 0 2.4 0 0 0
10 15 0 0.9 0.988974 0 0
15 20 0 0.9 0.988974 0 0
20 25 0 0.9 0.990164 0 0
25 30 0 0.9 0.989451 0 0
30 40 0 0.9 0.989059 0 0
40 50 0 0.9 0.98857 0 0
50 60 0 0.9 0.988174 0 0
60 120 0 0.9 0.987164 0 0
120 9999 0 0.9 0.987164 0 0
10 15 0.9 1.2 0.983866 0 0
15 20 0.9 1.2 0.983866 0 0
20 25 0.9 1.2 0.982059 0 0
25 30 0.9 1.2 0.981626 0 0
30 40 0.9 1.2 0.98268 0 0
40 50 0.9 1.2 0.983211 0 0
50 60 0.9 1.2 0.982402 0 0
60 120 0.9 1.2 0.982699 0 0
120 9999 0.9 1.2 0.982699 0 0
10 15 1.2 2.1 0.989727 0 0
15 20 1.2 2.1 0.989727 0 0
20 25 1.2 2.1 0.989417 0 0
25 30 1.2 2.1 0.99081 0 0
30 40 1.2 2.1 0.990917 0 0
40 50 1.2 2.1 0.991361 0 0
50 60 1.2 2.1 0.990127 0 0
60 120 1.2 2.1 0.989353 0 0
120 9999 1.2 2.1 0.989353 0 0
10 15 2.1 2.4 0.972957 0 0
15 20 2.1 2.4 0.972957 0 0
20 25 2.1 2.4 0.974061 0 0
25 30 2.1 2.4 0.976031 0 0
30 40 2.1 2.4 0.975336 0 0
40 50 2.1 2.4 0.97526 0 0
50 60 2.1 2.4 0.970358 0 0
60 120 2.1 2.4 0.967762 0 0
120 9999 2.1 2.4 0.967762 0 0
