0 10 0 2.4 0 0 0
10 15 0 0.9 0.991589 0 0
15 20 0 0.9 0.991589 0 0
20 25 0 0.9 0.993388 0 0
25 30 0 0.9 0.992506 0 0
30 40 0 0.9 0.992331 0 0
40 50 0 0.9 0.991945 0 0
50 60 0 0.9 0.991508 0 0
60 120 0 0.9 0.991008 0 0
120 9999 0 0.9 0.991008 0 0
10 15 0.9 1.2 0.984326 0 0
15 20 0.9 1.2 0.984326 0 0
20 25 0.9 1.2 0.98319 0 0
25 30 0.9 1.2 0.983077 0 0
30 40 0.9 1.2 0.984365 0 0
40 50 0.9 1.2 0.983995 0 0
50 60 0.9 1.2 0.983168 0 0
60 120 0.9 1.2 0.982338 0 0
120 9999 0.9 1.2 0.982338 0 0
10 15 1.2 2.1 0.990018 0 0
15 20 1.2 2.1 0.990018 0 0
20 25 1.2 2.1 0.989997 0 0
25 30 1.2 2.1 0.989815 0 0
30 40 1.2 2.1 0.989995 0 0
40 50 1.2 2.1 0.990391 0 0
50 60 1.2 2.1 0.989741 0 0
60 120 1.2 2.1 0.988668 0 0
120 9999 1.2 2.1 0.988668 0 0
10 15 2.1 2.4 0.974971 0 0
15 20 2.1 2.4 0.974971 0 0
20 25 2.1 2.4 0.972388 0 0
25 30 2.1 2.4 0.973056 0 0
30 40 2.1 2.4 0.9718 0 0
40 50 2.1 2.4 0.972272 0 0
50 60 2.1 2.4 0.968298 0 0
60 120 2.1 2.4 0.965983 0 0
120 9999 2.1 2.4 0.965983 0 0
