0 10 0 2.4 0 0 0
10 15 0 0.9 0.987196 0 0
15 20 0 0.9 0.987196 0 0
20 25 0 0.9 0.987634 0 0
25 30 0 0.9 0.985218 0 0
30 40 0 0.9 0.994124 0 0
40 50 0 0.9 0.996431 0 0
50 60 0 0.9 0.996765 0 0
60 120 0 0.9 0.998707 0 0
120 9999 0 0.9 0.998707 0 0
10 15 0.9 1.2 0.980543 0 0
15 20 0.9 1.2 0.980543 0 0
20 25 0.9 1.2 0.987631 0 0
25 30 0.9 1.2 0.996803 0 0
30 40 0.9 1.2 0.996699 0 0
40 50 0.9 1.2 0.997318 0 0
50 60 0.9 1.2 0.997313 0 0
60 120 0.9 1.2 0.998761 0 0
120 9999 0.9 1.2 0.998761 0 0
10 15 1.2 2.1 0.997546 0 0
15 20 1.2 2.1 0.997546 0 0
20 25 1.2 2.1 0.996746 0 0
25 30 1.2 2.1 1.00139 0 0
30 40 1.2 2.1 0.999272 0 0
40 50 1.2 2.1 0.998808 0 0
50 60 1.2 2.1 0.99849 0 0
60 120 1.2 2.1 0.99946 0 0
120 9999 1.2 2.1 0.99946 0 0
10 15 2.1 2.4 1.0081 0 0
15 20 2.1 2.4 1.0081 0 0
20 25 2.1 2.4 1.00406 0 0
25 30 2.1 2.4 1.00523 0 0
30 40 2.1 2.4 1.00086 0 0
40 50 2.1 2.4 1.00108 0 0
50 60 2.1 2.4 0.999844 0 0
60 120 2.1 2.4 1.00085 0 0
120 9999 2.1 2.4 1.00085 0 0
