0 29 0 2.4 0 0 0
29 30 0 0.9 0.894964 0 0
30 40 0 0.9 0.913307 0 0
40 50 0 0.9 0.925001 0 0
50 60 0 0.9 0.92775 0 0
60 120 0 0.9 0.927997 0 0
120 200 0 0.9 0.922198 0 0
200 9999 0 0.9 0.922198 0 0
29 30 0.9 1.2 0.858977 0 0
30 40 0.9 1.2 0.885907 0 0
40 50 0.9 1.2 0.903601 0 0
50 60 0.9 1.2 0.908542 0 0
60 120 0.9 1.2 0.906793 0 0
120 200 0.9 1.2 0.896641 0 0
200 9999 0.9 1.2 0.896641 0 0
29 30 1.2 2.1 0.808843 0 0
30 40 1.2 2.1 0.85226 0 0
40 50 1.2 2.1 0.878138 0 0
50 60 1.2 2.1 0.887515 0 0
60 120 1.2 2.1 0.892253 0 0
120 200 1.2 2.1 0.888569 0 0
200 9999 1.2 2.1 0.888569 0 0
29 30 2.1 2.4 0.611967 0 0
30 40 2.1 2.4 0.718192 0 0
40 50 2.1 2.4 0.774105 0 0
50 60 2.1 2.4 0.794389 0 0
60 120 2.1 2.4 0.804946 0 0
120 200 2.1 2.4 0.811987 0 0
200 9999 2.1 2.4 0.811987 0 0
