0 10 0 2.4 0 0 0
10 15 0 0.9 0.989898 0 0
15 20 0 0.9 0.989898 0 0
20 25 0 0.9 0.993857 0 0
25 30 0 0.9 0.992781 0 0
30 40 0 0.9 0.995658 0 0
40 50 0 0.9 0.996889 0 0
50 60 0 0.9 0.997322 0 0
60 120 0 0.9 0.999302 0 0
120 9999 0 0.9 0.999302 0 0
10 15 0.9 1.2 1.00163 0 0
15 20 0.9 1.2 1.00163 0 0
20 25 0.9 1.2 1.00113 0 0
25 30 0.9 1.2 1.00336 0 0
30 40 0.9 1.2 1.00086 0 0
40 50 0.9 1.2 0.998265 0 0
50 60 0.9 1.2 0.999946 0 0
60 120 0.9 1.2 1.00014 0 0
120 9999 0.9 1.2 1.00014 0 0
10 15 1.2 2.1 1.00328 0 0
15 20 1.2 2.1 1.00328 0 0
20 25 1.2 2.1 1.00693 0 0
25 30 1.2 2.1 1.00543 0 0
30 40 1.2 2.1 1.00165 0 0
40 50 1.2 2.1 0.999844 0 0
50 60 1.2 2.1 0.998969 0 0
60 120 1.2 2.1 0.999916 0 0
120 9999 1.2 2.1 0.999916 0 0
10 15 2.1 2.4 1.01421 0 0
15 20 2.1 2.4 1.01421 0 0
20 25 2.1 2.4 1.01024 0 0
25 30 2.1 2.4 1.00452 0 0
30 40 2.1 2.4 1.00334 0 0
40 50 2.1 2.4 1.0014 0 0
50 60 2.1 2.4 1.00186 0 0
60 120 2.1 2.4 1.00086 0 0
120 9999 2.1 2.4 1.00086 0 0
