0 26 0 2.4 0 0 0
26 30 0 0.9 0.896216 0 0
30 40 0 0.9 0.922924 0 0
40 50 0 0.9 0.936883 0 0
50 60 0 0.9 0.939943 0 0
60 120 0 0.9 0.940415 0 0
120 200 0 0.9 0.934564 0 0
200 9999 0 0.9 0.934564 0 0
26 30 0.9 1.2 0.884281 0 0
30 40 0.9 1.2 0.922939 0 0
40 50 0.9 1.2 0.940249 0 0
50 60 0.9 1.2 0.944722 0 0
60 120 0.9 1.2 0.943916 0 0
120 200 0.9 1.2 0.935155 0 0
200 9999 0.9 1.2 0.935155 0 0
26 30 1.2 2.1 0.820436 0 0
30 40 1.2 2.1 0.861722 0 0
40 50 1.2 2.1 0.885711 0 0
50 60 1.2 2.1 0.891728 0 0
60 120 1.2 2.1 0.894299 0 0
120 200 1.2 2.1 0.900552 0 0
200 9999 1.2 2.1 0.900552 0 0
26 30 2.1 2.4 0.718881 0 0
30 40 2.1 2.4 0.777441 0 0
40 50 2.1 2.4 0.806871 0 0
50 60 2.1 2.4 0.819232 0 0
60 120 2.1 2.4 0.824516 0 0
120 200 2.1 2.4 0.826386 0 0
200 9999 2.1 2.4 0.826386 0 0
