0 26 0 2.4 0 0 0
26 30 0 0.9 0.933854 0 0
30 40 0 0.9 0.950278 0 0
40 50 0 0.9 0.959353 0 0
50 60 0 0.9 0.960973 0 0
60 120 0 0.9 0.96114 0 0
120 200 0 0.9 0.955786 0 0
200 9999 0 0.9 0.955786 0 0
26 30 0.9 1.2 0.926037 0 0
30 40 0.9 1.2 0.954832 0 0
40 50 0.9 1.2 0.967644 0 0
50 60 0.9 1.2 0.97129 0 0
60 120 0.9 1.2 0.971873 0 0
120 200 0.9 1.2 0.970145 0 0
200 9999 0.9 1.2 0.970145 0 0
26 30 1.2 2.1 0.834092 0 0
30 40 1.2 2.1 0.866027 0 0
40 50 1.2 2.1 0.883679 0 0
50 60 1.2 2.1 0.889773 0 0
60 120 1.2 2.1 0.893981 0 0
120 200 1.2 2.1 0.903228 0 0
200 9999 1.2 2.1 0.903228 0 0
26 30 2.1 2.4 0.777084 0 0
30 40 2.1 2.4 0.813421 0 0
40 50 2.1 2.4 0.834719 0 0
50 60 2.1 2.4 0.842301 0 0
60 120 2.1 2.4 0.846554 0 0
120 200 2.1 2.4 0.86715 0 0
200 9999 2.1 2.4 0.86715 0 0
