0 10 0 2.4 0 0 0
10 15 0 0.9 0.993927 0 0
15 20 0 0.9 0.993927 0 0
20 25 0 0.9 1.00244 0 0
25 30 0 0.9 0.997209 0 0
30 40 0 0.9 0.997434 0 0
40 50 0 0.9 0.997874 0 0
50 60 0 0.9 0.997927 0 0
60 120 0 0.9 0.998787 0 0
120 9999 0 0.9 0.998787 0 0
10 15 0.9 1.2 1.01951 0 0
15 20 0.9 1.2 1.01951 0 0
20 25 0.9 1.2 1.00415 0 0
25 30 0.9 1.2 1.00832 0 0
30 40 0.9 1.2 1.00262 0 0
40 50 0.9 1.2 0.999579 0 0
50 60 0.9 1.2 0.999115 0 0
60 120 0.9 1.2 1.00077 0 0
120 9999 0.9 1.2 1.00077 0 0
10 15 1.2 2.1 1.02854 0 0
15 20 1.2 2.1 1.02854 0 0
20 25 1.2 2.1 1.02325 0 0
25 30 1.2 2.1 1.01674 0 0
30 40 1.2 2.1 1.00646 0 0
40 50 1.2 2.1 1.0025 0 0
50 60 1.2 2.1 1.00101 0 0
60 120 1.2 2.1 1.00035 0 0
120 9999 1.2 2.1 1.00035 0 0
10 15 2.1 2.4 1.02876 0 0
15 20 2.1 2.4 1.02876 0 0
20 25 2.1 2.4 1.02503 0 0
25 30 2.1 2.4 1.01579 0 0
30 40 2.1 2.4 1.00643 0 0
40 50 2.1 2.4 1.00298 0 0
50 60 2.1 2.4 1.00071 0 0
60 120 2.1 2.4 1.00041 0 0
120 9999 2.1 2.4 1.00041 0 0
