0 10 0 2.4 0 0 0
10 15 0 0.9 0.989427 0 0
15 20 0 0.9 0.989427 0 0
20 25 0 0.9 0.987626 0 0
25 30 0 0.9 0.987921 0 0
30 40 0 0.9 0.986499 0 0
40 50 0 0.9 0.986726 0 0
50 60 0 0.9 0.98517 0 0
60 120 0 0.9 0.984626 0 0
120 9999 0 0.9 0.984626 0 0
10 15 0.9 1.2 0.97899 0 0
15 20 0.9 1.2 0.97899 0 0
20 25 0.9 1.2 0.976582 0 0
25 30 0.9 1.2 0.981508 0 0
30 40 0.9 1.2 0.978719 0 0
40 50 0.9 1.2 0.979246 0 0
50 60 0.9 1.2 0.979034 0 0
60 120 0.9 1.2 0.978322 0 0
120 9999 0.9 1.2 0.978322 0 0
10 15 1.2 2.1 0.990123 0 0
15 20 1.2 2.1 0.990123 0 0
20 25 1.2 2.1 0.989448 0 0
25 30 1.2 2.1 0.990972 0 0
30 40 1.2 2.1 0.990504 0 0
40 50 1.2 2.1 0.991523 0 0
50 60 1.2 2.1 0.990625 0 0
60 120 1.2 2.1 0.990495 0 0
120 9999 1.2 2.1 0.990495 0 0
10 15 2.1 2.4 0.975765 0 0
15 20 2.1 2.4 0.975765 0 0
20 25 2.1 2.4 0.975306 0 0
25 30 2.1 2.4 0.976102 0 0
30 40 2.1 2.4 0.975938 0 0
40 50 2.1 2.4 0.976416 0 0
50 60 2.1 2.4 0.97201 0 0
60 120 2.1 2.4 0.96955 0 0
120 9999 2.1 2.4 0.96955 0 0
