0 10 0 2.4 0 0 0
10 15 0 0.9 0.985735 0 0
15 20 0 0.9 0.985735 0 0
20 25 0 0.9 0.991155 0 0
25 30 0 0.9 0.989432 0 0
30 40 0 0.9 0.994321 0 0
40 50 0 0.9 0.996117 0 0
50 60 0 0.9 0.996695 0 0
60 120 0 0.9 0.998273 0 0
120 9999 0 0.9 0.998273 0 0
10 15 0.9 1.2 0.969512 0 0
15 20 0.9 1.2 0.969512 0 0
20 25 0.9 1.2 0.980154 0 0
25 30 0.9 1.2 0.986884 0 0
30 40 0.9 1.2 0.988747 0 0
40 50 0.9 1.2 0.992401 0 0
50 60 0.9 1.2 0.994958 0 0
60 120 0.9 1.2 0.996685 0 0
120 9999 0.9 1.2 0.996685 0 0
10 15 1.2 2.1 1.00385 0 0
15 20 1.2 2.1 1.00385 0 0
20 25 1.2 2.1 1.00134 0 0
25 30 1.2 2.1 0.999718 0 0
30 40 1.2 2.1 0.999499 0 0
40 50 1.2 2.1 0.998858 0 0
50 60 1.2 2.1 0.999232 0 0
60 120 1.2 2.1 0.999667 0 0
120 9999 1.2 2.1 0.999667 0 0
10 15 2.1 2.4 1.02651 0 0
15 20 2.1 2.4 1.02651 0 0
20 25 2.1 2.4 1.01993 0 0
25 30 2.1 2.4 1.01248 0 0
30 40 2.1 2.4 1.00832 0 0
40 50 2.1 2.4 1.0038 0 0
50 60 2.1 2.4 1.00285 0 0
60 120 2.1 2.4 1.00364 0 0
120 9999 2.1 2.4 1.00364 0 0
