0 26 0 2.4 0 0 0
26 30 0 0.9 0.892737 0 0
30 40 0 0.9 0.916322 0 0
40 50 0 0.9 0.927292 0 0
50 60 0 0.9 0.930436 0 0
60 120 0 0.9 0.929619 0 0
120 200 0 0.9 0.923426 0 0
200 9999 0 0.9 0.923426 0 0
26 30 0.9 1.2 0.877344 0 0
30 40 0.9 1.2 0.915566 0 0
40 50 0.9 1.2 0.930226 0 0
50 60 0.9 1.2 0.934033 0 0
60 120 0.9 1.2 0.932724 0 0
120 200 0.9 1.2 0.926308 0 0
200 9999 0.9 1.2 0.926308 0 0
26 30 1.2 2.1 0.826415 0 0
30 40 1.2 2.1 0.86508 0 0
40 50 1.2 2.1 0.88431 0 0
50 60 1.2 2.1 0.888371 0 0
60 120 1.2 2.1 0.888321 0 0
120 200 1.2 2.1 0.889861 0 0
200 9999 1.2 2.1 0.889861 0 0
26 30 2.1 2.4 0.721351 0 0
30 40 2.1 2.4 0.782081 0 0
40 50 2.1 2.4 0.810324 0 0
50 60 2.1 2.4 0.815514 0 0
60 120 2.1 2.4 0.821629 0 0
120 200 2.1 2.4 0.827297 0 0
200 9999 2.1 2.4 0.827297 0 0
