0 26 0 2.4 0 0 0
26 30 0 0.9 0.896675 0 0
30 40 0 0.9 0.922602 0 0
40 50 0 0.9 0.934942 0 0
50 60 0 0.9 0.938554 0 0
60 120 0 0.9 0.938563 0 0
120 200 0 0.9 0.932566 0 0
200 9999 0 0.9 0.932566 0 0
26 30 0.9 1.2 0.864542 0 0
30 40 0.9 1.2 0.913211 0 0
40 50 0.9 1.2 0.933687 0 0
50 60 0.9 1.2 0.939695 0 0
60 120 0.9 1.2 0.938859 0 0
120 200 0.9 1.2 0.930764 0 0
200 9999 0.9 1.2 0.930764 0 0
26 30 1.2 2.1 0.848553 0 0
30 40 1.2 2.1 0.882093 0 0
40 50 1.2 2.1 0.903762 0 0
50 60 1.2 2.1 0.910797 0 0
60 120 1.2 2.1 0.914425 0 0
120 200 1.2 2.1 0.915417 0 0
200 9999 1.2 2.1 0.915417 0 0
26 30 2.1 2.4 0.709106 0 0
30 40 2.1 2.4 0.780398 0 0
40 50 2.1 2.4 0.819392 0 0
50 60 2.1 2.4 0.831341 0 0
60 120 2.1 2.4 0.839196 0 0
120 200 2.1 2.4 0.848079 0 0
200 9999 2.1 2.4 0.848079 0 0
