0 29 0 2.4 0 0 0
29 30 0 0.9 0.922184 0 0
30 40 0 0.9 0.936786 0 0
40 50 0 0.9 0.948771 0 0
50 60 0 0.9 0.952998 0 0
60 120 0 0.9 0.954035 0 0
120 200 0 0.9 0.94908 0 0
200 9999 0 0.9 0.94908 0 0
29 30 0.9 1.2 0.899369 0 0
30 40 0.9 1.2 0.928625 0 0
40 50 0.9 1.2 0.947295 0 0
50 60 0.9 1.2 0.954069 0 0
60 120 0.9 1.2 0.958249 0 0
120 200 0.9 1.2 0.951405 0 0
200 9999 0.9 1.2 0.951405 0 0
29 30 1.2 2.1 0.801083 0 0
30 40 1.2 2.1 0.837674 0 0
40 50 1.2 2.1 0.863786 0 0
50 60 1.2 2.1 0.875813 0 0
60 120 1.2 2.1 0.882444 0 0
120 200 1.2 2.1 0.887214 0 0
200 9999 1.2 2.1 0.887214 0 0
29 30 2.1 2.4 0.710593 0 0
30 40 2.1 2.4 0.760443 0 0
40 50 2.1 2.4 0.7846 0 0
50 60 2.1 2.4 0.793066 0 0
60 120 2.1 2.4 0.799232 0 0
120 200 2.1 2.4 0.775248 0 0
200 9999 2.1 2.4 0.775248 0 0
