0 10 0 2.4 0 0 0
10 15 0 0.9 0.987755 0 0
15 20 0 0.9 0.987755 0 0
20 25 0 0.9 0.990416 0 0
25 30 0 0.9 0.98907 0 0
30 40 0 0.9 0.987844 0 0
40 50 0 0.9 0.988046 0 0
50 60 0 0.9 0.987095 0 0
60 120 0 0.9 0.986421 0 0
120 9999 0 0.9 0.986421 0 0
10 15 0.9 1.2 0.982301 0 0
15 20 0.9 1.2 0.982301 0 0
20 25 0.9 1.2 0.98039 0 0
25 30 0.9 1.2 0.979033 0 0
30 40 0.9 1.2 0.981024 0 0
40 50 0.9 1.2 0.979877 0 0
50 60 0.9 1.2 0.979944 0 0
60 120 0.9 1.2 0.979124 0 0
120 9999 0.9 1.2 0.979124 0 0
10 15 1.2 2.1 0.98923 0 0
15 20 1.2 2.1 0.98923 0 0
20 25 1.2 2.1 0.98965 0 0
25 30 1.2 2.1 0.989532 0 0
30 40 1.2 2.1 0.990506 0 0
40 50 1.2 2.1 0.990914 0 0
50 60 1.2 2.1 0.989909 0 0
60 120 1.2 2.1 0.989549 0 0
120 9999 1.2 2.1 0.989549 0 0
10 15 2.1 2.4 0.975004 0 0
15 20 2.1 2.4 0.975004 0 0
20 25 2.1 2.4 0.975537 0 0
25 30 2.1 2.4 0.97582 0 0
30 40 2.1 2.4 0.975616 0 0
40 50 2.1 2.4 0.973967 0 0
50 60 2.1 2.4 0.973163 0 0
60 120 2.1 2.4 0.966175 0 0
120 9999 2.1 2.4 0.966175 0 0
